ROWS=8
COLS=8

START=7,0
EXIT=0,7

LAMP=6,1
KEY=2,5
CHEST=4,4
GRUE=0,0

LIT=7,0
LIT=7,1
LIT=7,2

LIT=6,0
LIT=6,1
LIT=6,2

LIT=5,0
LIT=5,1
LIT=5,2
ROOMS

0110 0111 0111 0111 0111 0111 0111 0011
1110 1111 1111 1111 1111 1111 1111 1011
1110 1111 1111 1111 1111 1111 1111 1011
1110 1111 1111 1111 1111 1111 1111 1011
1110 1111 1111 1111 1111 1111 1111 1011
1110 1111 1111 1111 1111 1111 1111 1011
1110 1111 1111 1111 1111 1111 1111 1011
1100 1101 1101 1101 1101 1101 1101 1001